object Form1: TForm1
  Left = 0
  Top = 0
  Caption = 'Form1'
  ClientHeight = 495
  ClientWidth = 374
  FormFactor.Width = 320
  FormFactor.Height = 480
  FormFactor.Devices = [Desktop]
  DesignerMasterStyle = 0
  object ImmediateButton: TButton
    Align = Top
    Margins.Left = 6.000000000000000000
    Margins.Top = 6.000000000000000000
    Margins.Right = 6.000000000000000000
    Position.X = 6.000000000000000000
    Position.Y = 6.000000000000000000
    Size.Width = 362.000000000000000000
    Size.Height = 43.000000000000000000
    Size.PlatformDefault = False
    TabOrder = 5
    Text = 'Immediate'
    OnClick = ImmediateButtonClick
  end
  object ScheduleButton: TButton
    Align = Top
    Margins.Left = 6.000000000000000000
    Margins.Top = 6.000000000000000000
    Margins.Right = 6.000000000000000000
    Position.X = 6.000000000000000000
    Position.Y = 104.000000000000000000
    Size.Width = 362.000000000000000000
    Size.Height = 43.000000000000000000
    Size.PlatformDefault = False
    TabOrder = 3
    Text = 'Schedule 30 Seconds'
    OnClick = ScheduleButtonClick
  end
  object CancelScheduled: TButton
    Align = Top
    Margins.Left = 6.000000000000000000
    Margins.Top = 6.000000000000000000
    Margins.Right = 6.000000000000000000
    Position.X = 6.000000000000000000
    Position.Y = 202.000000000000000000
    Size.Width = 362.000000000000000000
    Size.Height = 43.000000000000000000
    Size.PlatformDefault = False
    TabOrder = 1
    Text = 'Cancel Scheduled'
    OnClick = CancelScheduledClick
  end
  object LogMemo: TMemo
    Touch.InteractiveGestures = [Pan, LongTap, DoubleTap]
    DataDetectorTypes = []
    Align = Client
    Margins.Left = 4.000000000000000000
    Margins.Top = 4.000000000000000000
    Margins.Right = 4.000000000000000000
    Margins.Bottom = 4.000000000000000000
    Size.Width = 366.000000000000000000
    Size.Height = 242.000000000000000000
    Size.PlatformDefault = False
    TabOrder = 7
    Viewport.Width = 362.000000000000000000
    Viewport.Height = 238.000000000000000000
  end
  object ScheduleRepeatingButton: TButton
    Align = Top
    Margins.Left = 6.000000000000000000
    Margins.Top = 6.000000000000000000
    Margins.Right = 6.000000000000000000
    Position.X = 6.000000000000000000
    Position.Y = 153.000000000000000000
    Size.Width = 362.000000000000000000
    Size.Height = 43.000000000000000000
    Size.PlatformDefault = False
    TabOrder = 2
    Text = 'Schedule Repeating Every Minute'
    OnClick = ScheduleRepeatingButtonClick
  end
  object CancelImmediateButton: TButton
    Align = Top
    Margins.Left = 6.000000000000000000
    Margins.Top = 6.000000000000000000
    Margins.Right = 6.000000000000000000
    Position.X = 6.000000000000000000
    Position.Y = 55.000000000000000000
    Size.Width = 362.000000000000000000
    Size.Height = 43.000000000000000000
    Size.PlatformDefault = False
    TabOrder = 4
    Text = 'Cancel Immediate'
    OnClick = CancelImmediateButtonClick
  end
end
