object frmMain: TfrmMain
  Left = 0
  Top = 0
  Caption = 'Form1'
  ClientHeight = 480
  ClientWidth = 367
  FormFactor.Width = 320
  FormFactor.Height = 480
  FormFactor.Devices = [Desktop]
  DesignerMasterStyle = 0
  object ShowDialogButton: TButton
    Align = Bottom
    Margins.Left = 4.000000000000000000
    Margins.Top = 4.000000000000000000
    Margins.Right = 4.000000000000000000
    Margins.Bottom = 4.000000000000000000
    Position.X = 4.000000000000000000
    Position.Y = 436.000000000000000000
    Size.Width = 359.000000000000000000
    Size.Height = 40.000000000000000000
    Size.PlatformDefault = False
    TabOrder = 0
    Text = 'Show Dialog'
    OnClick = ShowDialogButtonClick
  end
  object Edit1: TEdit
    Touch.InteractiveGestures = [LongTap, DoubleTap]
    Align = Top
    TabOrder = 2
    Text = 'Some text in an edit'
    Position.X = 4.000000000000000000
    Position.Y = 4.000000000000000000
    Margins.Left = 4.000000000000000000
    Margins.Top = 4.000000000000000000
    Margins.Right = 4.000000000000000000
    Margins.Bottom = 4.000000000000000000
    Size.Width = 359.000000000000000000
    Size.Height = 25.000000000000000000
    Size.PlatformDefault = False
  end
  object Edit2: TEdit
    Touch.InteractiveGestures = [LongTap, DoubleTap]
    Align = Top
    TabOrder = 1
    Text = 'Another edit'
    Position.X = 4.000000000000000000
    Position.Y = 33.000000000000000000
    Margins.Left = 4.000000000000000000
    Margins.Right = 4.000000000000000000
    Margins.Bottom = 4.000000000000000000
    Size.Width = 359.000000000000000000
    Size.Height = 25.000000000000000000
    Size.PlatformDefault = False
  end
end
