object frmMain: TfrmMain
  Left = 0
  Top = 0
  Caption = 'Form1'
  ClientHeight = 539
  ClientWidth = 394
  FormFactor.Width = 320
  FormFactor.Height = 480
  FormFactor.Devices = [Desktop]
  DesignerMasterStyle = 0
  object CameraPermissionButton: TButton
    Align = Top
    Margins.Left = 4.000000000000000000
    Margins.Top = 4.000000000000000000
    Margins.Right = 4.000000000000000000
    Margins.Bottom = 4.000000000000000000
    Position.X = 4.000000000000000000
    Position.Y = 4.000000000000000000
    Size.Width = 386.000000000000000000
    Size.Height = 41.000000000000000000
    Size.PlatformDefault = False
    TabOrder = 2
    Text = 'Request Camera Permission'
    OnClick = CameraPermissionButtonClick
  end
  object RequestLocationPermissionsButton: TButton
    Align = Top
    Margins.Left = 4.000000000000000000
    Margins.Top = 4.000000000000000000
    Margins.Right = 4.000000000000000000
    Margins.Bottom = 4.000000000000000000
    Position.X = 4.000000000000000000
    Position.Y = 53.000000000000000000
    Size.Width = 386.000000000000000000
    Size.Height = 41.000000000000000000
    Size.PlatformDefault = False
    TabOrder = 1
    Text = 'Request Location Permissions'
    OnClick = RequestLocationPermissionsButtonClick
  end
  object RequestSMSPermissionsButton: TButton
    Align = Top
    Margins.Left = 4.000000000000000000
    Margins.Top = 4.000000000000000000
    Margins.Right = 4.000000000000000000
    Margins.Bottom = 4.000000000000000000
    Position.X = 4.000000000000000000
    Position.Y = 102.000000000000000000
    Size.Width = 386.000000000000000000
    Size.Height = 41.000000000000000000
    Size.PlatformDefault = False
    TabOrder = 0
    Text = 'Request SMS Permissions'
    OnClick = RequestSMSPermissionsButtonClick
  end
end
